bitstar:
  mean_jerk_mean: 0.0019274962224616584
  mean_jerk_std: 0.0018406426442295334
  n_problems: 50
  n_success: 22
  path_length_mean: 6.706886844201521
  path_length_std: 2.1947528857407743
  planning_time_mean: 61.03681254386902
  planning_time_std: 0.8234806709553774
  smoothness_mean: 0.1562157194553451
  smoothness_std: 0.14351008447590016
  success_rate: 0.44
  time_to_first_solution_mean: 3.1681316549127754
  time_to_first_solution_std: 5.12575170279438
comparison:
  bitstar_beats_mpd_rate: 0.28
  n_bitstar_beats_mpd: 14
  n_both_success: 22
mpd:
  best_collision_free_path_length_mean: .inf
  best_collision_free_path_length_std: .nan
  collision_rate_mean: 0.841875
  collision_rate_std: 0.27603922954899
  inference_time_mean: 0.19075186252593995
  inference_time_std: 0.0462676514708007
  mean_collision_free_path_length_mean: .inf
  mean_collision_free_path_length_std: .nan
  n_problems: 50
  n_success: 50
  smoothness_mean: 203.3720361328125
  smoothness_std: 22.074941834059654
  success_rate: 1.0
