n_problems: 1
path_length_max: 4.890870094299316
path_length_mean: 4.890870094299316
path_length_min: 4.890870094299316
path_length_std: 0.0
planner: BITstar
planning_time_max: 0.3761711120605469
planning_time_mean: 0.3761711120605469
planning_time_min: 0.3761711120605469
planning_time_std: 0.0
smoothness_max: 2.1651916540577076e-05
smoothness_mean: 2.1651916540577076e-05
smoothness_min: 2.1651916540577076e-05
smoothness_std: 0.0
success_count: 1
success_rate: 1.0
